cclaude        : mean: 0.42392       all results: [0.503575, 0.217688, 1.075355, 0.225193, 0.203382, 0.24008, 0.243491, 0.583716, 0.458335, 0.488371]
mgarcia-       : mean: 0.69829       all results: [0.32904, 0.368856, 0.439598, 0.542211, 0.65776, 0.741968, 0.838352, 0.895916, 1.029244, 1.139932]
abaudot        : mean: 0.75854       all results: [0.35644, 0.478087, 0.5248, 0.649013, 0.739319, 0.808777, 0.857754, 1.002194, 1.032062, 1.137]
lcalendi       : mean: 0.76956       all results: [0.36494, 0.434953, 0.48211, 0.572984, 0.764386, 0.815064, 0.970776, 1.05252, 0.935537, 1.302311]
asoursou       : mean: 0.80686       all results: [0.365052, 0.561818, 0.614229, 0.599815, 0.772067, 0.745347, 0.877935, 0.958182, 1.202778, 1.371361]
anyahyao       : mean: 0.81267       all results: [0.354671, 0.51862, 0.911824, 0.561102, 0.710182, 0.72487, 0.85337, 1.040474, 1.087433, 1.364134]
ngragas        : mean: 0.82632       all results: [0.379121, 0.512476, 0.580308, 0.70261, 0.936362, 0.815608, 0.904443, 1.000389, 1.170626, 1.261231]
frthierr       : mean: 1.07859       all results: [0.474716, 0.545835, 0.785247, 0.902232, 1.046749, 1.14959, 1.229462, 1.33823, 1.567965, 1.745867]
fbecerri       : mean: 1.10159       all results: [0.530805, 0.898215, 0.796491, 0.859522, 1.035199, 1.056968, 1.170443, 1.34026, 1.482026, 1.845972]
hthomas        : mean: 1.41625       all results: [0.66424, 0.780308, 0.92566, 1.165353, 1.391922, 1.481565, 1.633458, 1.781999, 1.952352, 2.385663]
gmordele       : mean: 1.5112        all results: [0.660853, 0.77188, 1.144791, 1.263841, 1.476434, 1.559005, 1.72406, 1.865256, 2.150428, 2.495491]
ciglesia       : mean: 1.61319       all results: [0.714691, 1.028342, 1.945689, 1.144864, 1.61268, 1.509105, 1.62506, 2.052748, 2.238274, 2.260471]
jraffin        : mean: 2.39692       all results: [1.141907, 1.353777, 1.775365, 1.806076, 2.356786, 2.482226, 2.793816, 2.962697, 3.502859, 3.793722]
geargenc       : mean: 2.9278        all results: [1.308091, 1.682752, 2.705154, 2.518818, 2.720799, 3.199519, 3.167454, 3.633466, 3.930733, 4.411228]
gucamuze       : mean: 2.99026       all results: [1.352234, 1.607654, 2.369443, 2.531486, 2.919536, 3.038971, 3.63704, 3.603171, 4.133413, 4.70961]
hkaczmar       : mean: 5.78205       all results: [3.998891598, 4.426601462, 4.732833245, 4.701315173, 6.019594348, 5.920559043, 6.548902234, 7.851264948, 6.452363586, 7.168222846]
edal--ce       : mean: 16.47196      all results: [8.245984, 10.557664, 13.318965, 13.55158, 15.710593, 16.766002, 17.933797, 20.614694, 23.297888, 24.722447]
atruphem       : mean: 100007.12048  all results: [4.126035, 5.553037, 6.500756, 6.217492, 999999.9, 7.760043, 8.027664, 9.87867, 11.389883, 11.851179]
nforay         : mean: 800011.92169  all results: [999999.9, 999999.9, 999999.9, 999999.9, 999999.9, 999999.9, 999999.9, 999999.9, 999999.9, 999999.9, 999999.9, 999999.9, 999999.9, 60.009312, 999999.9, 60.00644, 999999.9, 60.008022, 999999.9, 60.010034]
eparisot       : mean: 947371.24648  all results: [55.48319, 999999.9, 999999.9, 999999.9, 999999.9, 999999.9, 999999.9, 999999.9, 999999.9, 999999.9, 999999.9, 999999.9, 999999.9, 999999.9, 999999.9, 999999.9, 999999.9, 999999.9, 999999.9]
aldubar        : mean: 999999.9      all results: [999999.9, 999999.9, 999999.9, 999999.9, 999999.9, 999999.9, 999999.9, 999999.9, 999999.9, 999999.9, 999999.9, 999999.9, 999999.9, 999999.9, 999999.9, 999999.9, 999999.9, 999999.9, 999999.9, 999999.9]
angagnie       : mean: 999999.9      all results: [999999.9, 999999.9, 999999.9, 999999.9, 999999.9, 999999.9, 999999.9, 999999.9, 999999.9, 999999.9]
ashishae       : mean: 999999.9      all results: [999999.9, 999999.9, 999999.9, 999999.9, 999999.9, 999999.9, 999999.9, 999999.9, 999999.9, 999999.9]
esoulard       : mean: 999999.9      all results: [999999.9, 999999.9, 999999.9, 999999.9, 999999.9, 999999.9, 999999.9, 999999.9, 999999.9, 999999.9]
gcolomer       : mean: 999999.9      all results: [999999.9, 999999.9, 999999.9, 999999.9, 999999.9, 999999.9, 999999.9, 999999.9, 999999.9, 999999.9]
hlo            : mean: 999999.9      all results: [999999.9, 999999.9, 999999.9, 999999.9, 999999.9, 999999.9, 999999.9, 999999.9, 999999.9, 999999.9]
lverdoes       : mean: 999999.9      all results: [999999.9, 999999.9, 999999.9, 999999.9, 999999.9, 999999.9, 999999.9, 999999.9, 999999.9, 999999.9]
mapapin        : mean: 999999.9      all results: [999999.9, 999999.9, 999999.9, 999999.9, 999999.9, 999999.9, 999999.9, 999999.9, 999999.9, 999999.9]
pde-bakk       : mean: 999999.9      all results: [999999.9, 999999.9, 999999.9, 999999.9, 999999.9, 999999.9, 999999.9, 999999.9, 999999.9, 999999.9]
